1|0|2|4|5|u|0|_|a|2|4|5
1|0|2|0|7|u|0|_|a|2|0|7
1|0|1|9|3|u|0|_|a|1|9|3
1|0|2|9|3|u|0|_|a|2|9|3
1|0|6|4|7|u|0|_|a|6|4|7
1|0|2|6|5|u|0|_|a|2|6|5
1|0|1|9|4|u|0|_|a|1|9|4
1|1|0|4|5|u|0|_|a|1|0|4|5
1|0|2|3|7|u|0|_|a|2|3|7
1|0|6|0|7|u|0|_|a|6|0|7
1|0|2|5|6|u|0|_|a|2|5|6
1|0|3|4|0|u|0|_|a|3|4|0
1|0|3|8|8|u|0|_|a|3|8|8
1|2|8|8|5|u|0|_|a|2|8|8|5
1|0|5|3|9|u|0|_|a|5|3|9
1|0|0|3|6|u|0|_|a|3|6
1|0|1|8|4|u|0|_|a|1|8|4
1|0|2|5|3|u|0|_|a|2|5|3
1|0|2|0|4|u|0|_|a|2|0|4
1|0|4|3|1|u|0|_|a|4|3|1
1|0|3|0|6|u|0|_|a|3|0|6
1|0|3|9|9|u|0|_|a|3|9|9
1|0|0|0|k|a|l|i
1|0|1|9|8|u|0|_|a|1|9|8
1|0|1|7|5|u|0|_|a|1|7|5
1|0|3|9|0|u|0|_|a|3|9|0
